Labeled: 86.827432 84.88 88.85
Unlabeled: 92.996069 91.43 94.47
F1: 93.578385 92.08 95.15
Average distance: 0.362158 0.3 0.43
